5.051329 5.062665 5.062665 5.09277 5.09902
5.104014 5.121455 5.133876 5.138837 5.14503
5.14503 5.151217 5.157395 5.174657 5.179578
5.215118 5.237056 5.266164 5.277038 5.311926
5.333466 5.333466 5.378656 5.405824 5.405824
5.423469 5.434028 5.444567 5.483037 5.494641
5.564904 5.570624 5.570624 5.607093 5.607093
5.628635 5.639939 5.765038 5.77056 5.829859
5.867974 5.872314 5.878819 5.903686 5.914465
5.919847 5.934891 5.949897 5.954177 5.954177
5.974468 5.99469 6.049688 6.053898 6.088519
6.093747 6.098971 6.113575 6.118782 6.14786
6.14786 6.176801 6.196362 6.205607 6.225078
6.278058 6.292246 6.358704 6.367713 6.580225
6.580225 6.585063 6.684901 6.711526 6.738047
6.935554 6.96488 6.982234 7.042184 7.080969
7.084567 7.138306 7.234912 7.234912 7.247227
7.297151 7.317199 7.435498 7.444914 7.613264
7.689019 7.697299 7.707222 7.77797 7.843209
7.960092 8.050003 8.083954 8.190409 8.273971
8.648847 8.652528 8.714875 8.847613 9.221962
9.307212 9.501592 9.903998 9.935461 10.83754
11.024 12.62946
